EURUSD:1.19513:1.19439
USDEUR:0.83725:0.83673
GBPUSD:1.35972:1.35822
USDGBP:0.73626:0.73545
USDCAD:1.21988:1.21838
CADUSD:0.82076:0.81975
USDCHF:0.96042:0.95892
CHFUSD:1.04284:1.04121
USDJPY:110.866:110.812
JPYUSD:0.00902:0.00902
EURGBP:0.87956:0.87856
GBPEUR:1.13823:1.13693
EURCHF:1.14723:1.14573
CHFEUR:0.87281:0.87167
AUDUSD:0.80063:0.79977
USDAUD:1.25036:1.24902
EURJPY:132.483:132.383
JPYEUR:0.00755:0.00755
GBPJPY:150.738:150.538
JPYGBP:0.00664:0.00663